%YAML:1.0

#--------------------------------------------------------------------------------------------
# Camera Parameters. Adjust them!
#--------------------------------------------------------------------------------------------

# Camera calibration and distortion parameters (OpenCV) 
Camera.fx: 652.526699
Camera.fy: 653.192267
Camera.cx: 645.305960
Camera.cy: 358.996340

Camera.k1: 0.011117
Camera.k2: -0.004149
Camera.p1: 0.001660
Camera.p2: -0.000584

Camera.width: 1280
Camera.height: 720

# Camera frames per second 
Camera.fps: 30.0

# stereo baseline times fx
Camera.bf: 47.90639384423901

# Color order of the images (0: BGR, 1: RGB. It is ignored if images are grayscale)
Camera.RGB: 1

# Close/Far threshold. Baseline times.
ThDepth: 35

#--------------------------------------------------------------------------------------------
# Stereo Rectification. Only if you need to pre-rectify the images.
# Camera.fx, .fy, etc must be the same as in LEFT.P
#--------------------------------------------------------------------------------------------
LEFT.height: 720
LEFT.width: 1280
LEFT.D: !!opencv-matrix
   rows: 1
   cols: 5
   dt: d
   data: [0.011117496293570358, -0.004149132712277631, 0.001659868741593844, -0.0005842986526628513, 0.0]
LEFT.K: !!opencv-matrix
   rows: 3
   cols: 3
   dt: d
   data: [652.5266993755035, 0.0, 645.305959703046, 0.0, 653.1922665799556, 358.99634016823745, 0.0, 0.0, 1.0]
LEFT.R:  !!opencv-matrix
   rows: 3
   cols: 3
   dt: d
   data: [0.9999364448511487, -0.0030377668002289624, 0.010857174186353596, 0.003032393226929789, 0.999995271539533, 0.0005113608243291657, -0.010858676243569764, -0.00047840510324955414, 0.9999409283946699]
LEFT.P:  !!opencv-matrix
   rows: 3
   cols: 4
   dt: d
   data: [670.8578381833177, 0.0, 630.7675323486328, 0.0, 0.0, 670.8578381833177, 359.77830505371094, 0.0, 0.0, 0.0, 1.0, 0.0]

RIGHT.height: 720
RIGHT.width: 1280
RIGHT.D: !!opencv-matrix
   rows: 1
   cols: 5
   dt: d
   data: [0.005603816064263018, 0.001202422913628322, 0.0006855142530905178, -0.000643713342979571, 0.0]
RIGHT.K: !!opencv-matrix
   rows: 3
   cols: 3
   dt: d
   data: [651.3471898573624, 0.0, 644.7330089403445, 0.0, 652.4110080054164, 357.7569942163764, 0.0, 0.0, 1.0]
RIGHT.R:  !!opencv-matrix
   rows: 3
   cols: 3
   dt: d
   data: [0.9999508347159325, -0.0028373155096775675, 0.009501462603641275, 0.0028420174066990708, 0.9999958455893673, -0.0004813949170721703, -0.009500057261399525, 0.0005083745712629817, 0.9999547442096194]
RIGHT.P:  !!opencv-matrix
   rows: 3
   cols: 4
   dt: d
   data: [670.8578381833177, 0.0, 630.7675323486328, -336.36323097558954, 0.0, 670.8578381833177, 359.77830505371094, 0.0, 0.0, 0.0, 1.0, 0.0]

#--------------------------------------------------------------------------------------------
# ORB Parameters
#--------------------------------------------------------------------------------------------

# ORB Extractor: Number of features per image
ORBextractor.nFeatures: 1200

# ORB Extractor: Scale factor between levels in the scale pyramid 	
ORBextractor.scaleFactor: 1.2

# ORB Extractor: Number of levels in the scale pyramid	
ORBextractor.nLevels: 8

# ORB Extractor: Fast threshold
# Image is divided in a grid. At each cell FAST are extracted imposing a minimum response.
# Firstly we impose iniThFAST. If no corners are detected we impose a lower value minThFAST
# You can lower these values if your images have low contrast			
ORBextractor.iniThFAST: 20
ORBextractor.minThFAST: 7

#--------------------------------------------------------------------------------------------
# Viewer Parameters
#--------------------------------------------------------------------------------------------
Viewer.KeyFrameSize: 0.05
Viewer.KeyFrameLineWidth: 1
Viewer.GraphLineWidth: 0.9
Viewer.PointSize:2
Viewer.CameraSize: 0.08
Viewer.CameraLineWidth: 3
Viewer.ViewpointX: 0
Viewer.ViewpointY: -0.7
Viewer.ViewpointZ: -1.8
Viewer.ViewpointF: 500

